628 628 628 823308183.0 823308183.0
629 629 629 822788682.0 822788682.0
630 630 630 822262269.0 822262269.0
631 631 631 821725103.0 821725103.0
632 632 632 821186335.0 821186335.0
633 633 633 820648009.0 820648009.0
634 634 634 820109268.0 820109268.0
635 635 635 819571902.0 819571902.0
636 636 636 819031635.0 819031635.0
637 637 637 818491870.0 818491870.0
638 638 638 817956619.0 817956619.0
639 639 639 817420194.0 817420194.0
640 640 640 816881916.0 816881916.0
641 641 641 816341226.0 816341226.0
642 642 642 815800358.0 815800358.0
643 643 643 815260407.0 815260407.0
644 644 644 814715659.0 814715659.0
645 645 645 814167523.0 814167523.0
646 646 646 813616635.0 813616635.0
647 647 647 813061286.0 813061286.0
648 648 648 812505962.0 812505962.0
649 649 649 811952023.0 811952023.0
650 650 650 811396035.0 811396035.0
651 651 651 810836147.0 810836147.0
652 652 652 810273888.0 810273888.0
653 653 653 809704450.0 809704450.0
654 654 654 809129992.0 809129992.0
655 655 655 808555822.0 808555822.0
656 656 656 807980217.0 807980217.0
657 657 657 807404213.0 807404213.0
658 658 658 806830534.0 806830534.0
659 659 659 806261482.0 806261482.0
660 660 660 805695623.0 805695623.0
661 661 661 805135984.0 805135984.0
662 662 662 804583863.0 804583863.0
663 663 663 804038321.0 804038321.0
664 664 664 803496695.0 803496695.0
665 665 665 802955635.0 802955635.0
666 666 666 802420862.0 802420862.0
667 667 667 801884398.0 801884398.0
668 668 668 801343196.0 801343196.0
669 669 669 800800613.0 800800613.0
670 670 670 800257479.0 800257479.0
671 671 671 799708366.0 799708366.0
672 672 672 799156021.0 799156021.0
673 673 673 798599077.0 798599077.0
674 674 674 798040382.0 798040382.0
675 675 675 797476976.0 797476976.0
676 676 676 796908876.0 796908876.0
677 677 677 796333655.0 796333655.0
678 678 678 795755338.0 795755338.0
679 679 679 795180378.0 795180378.0
680 680 680 794609096.0 794609096.0
681 681 681 794046650.0 794046650.0
682 682 682 793489836.0 793489836.0
683 683 683 792939707.0 792939707.0
684 684 684 792390725.0 792390725.0
685 685 685 791839998.0 791839998.0
686 686 686 791285712.0 791285712.0
687 687 687 790728876.0 790728876.0
688 688 688 790170239.0 790170239.0
689 689 689 789607929.0 789607929.0
690 690 690 789043917.0 789043917.0
691 691 691 788477665.0 788477665.0
692 692 692 787908989.0 787908989.0
693 693 693 787336872.0 787336872.0
694 694 694 786763937.0 786763937.0
695 695 695 786188132.0 786188132.0
696 696 696 785612330.0 785612330.0
697 697 697 785037348.0 785037348.0
698 698 698 784463977.0 784463977.0
699 699 699 783896844.0 783896844.0
700 700 700 783331268.0 783331268.0
701 701 701 782768176.0 782768176.0
702 702 702 782203758.0 782203758.0
703 703 703 781637628.0 781637628.0
704 704 704 781071588.0 781071588.0
705 705 705 780505092.0 780505092.0
706 706 706 779939991.0 779939991.0
707 707 707 779374495.0 779374495.0
708 708 708 778805117.0 778805117.0
709 709 709 778240385.0 778240385.0
710 710 710 777678947.0 777678947.0
711 711 711 777115135.0 777115135.0
712 712 712 776553091.0 776553091.0
713 713 713 775992580.0 775992580.0
714 714 714 775430131.0 775430131.0
715 715 715 774867273.0 774867273.0
716 716 716 774306619.0 774306619.0
717 717 717 773743693.0 773743693.0
718 718 718 773174538.0 773174538.0
719 719 719 772601117.0 772601117.0
720 720 720 772031473.0 772031473.0
721 721 721 771459761.0 771459761.0
722 722 722 770886512.0 770886512.0
723 723 723 770310928.0 770310928.0
724 724 724 769734640.0 769734640.0
725 725 725 769156103.0 769156103.0
726 726 726 768577713.0 768577713.0
727 727 727 767995136.0 767995136.0
728 728 728 767411571.0 767411571.0
729 729 729 766829947.0 766829947.0
730 730 730 766249971.0 766249971.0
731 731 731 765667615.0 765667615.0
732 732 732 765084289.0 765084289.0
733 733 733 764499134.0 764499134.0
734 734 734 763911763.0 763911763.0
735 735 735 763320138.0 763320138.0
736 736 736 762726070.0 762726070.0
737 737 737 762131378.0 762131378.0
738 738 738 761536618.0 761536618.0
739 739 739 760943210.0 760943210.0
740 740 740 760353569.0 760353569.0
741 741 741 759767053.0 759767053.0
742 742 742 759179518.0 759179518.0
743 743 743 758594258.0 758594258.0
744 744 744 758009590.0 758009590.0
745 745 745 757425241.0 757425241.0
746 746 746 756843615.0 756843615.0
747 747 747 756264585.0 756264585.0
748 748 748 755687898.0 755687898.0
749 749 749 755112008.0 755112008.0
750 750 750 754535743.0 754535743.0
751 751 751 753955398.0 753955398.0
752 752 752 753373265.0 753373265.0
753 753 753 752789009.0 752789009.0
754 754 754 752201732.0 752201732.0
755 755 755 751610153.0 751610153.0
756 756 756 751016970.0 751016970.0
757 757 757 750423942.0 750423942.0
758 758 758 749826955.0 749826955.0
759 759 759 749226246.0 749226246.0
760 760 760 748628295.0 748628295.0
761 761 761 748032069.0 748032069.0
762 762 762 747437201.0 747437201.0
763 763 763 746843901.0 746843901.0
764 764 764 746252318.0 746252318.0
765 765 765 745660653.0 745660653.0
766 766 766 745067406.0 745067406.0
767 767 767 744472509.0 744472509.0
768 768 768 743875027.0 743875027.0
769 769 769 743276726.0 743276726.0
770 770 770 742674558.0 742674558.0
771 771 771 742069570.0 742069570.0
772 772 772 741462262.0 741462262.0
773 773 773 740851569.0 740851569.0
774 774 774 740240754.0 740240754.0
775 775 775 739637981.0 739637981.0
776 776 776 739038827.0 739038827.0
777 777 777 738440218.0 738440218.0
778 778 778 737840472.0 737840472.0
779 779 779 737241242.0 737241242.0
780 780 780 736646301.0 736646301.0
781 781 781 736050355.0 736050355.0
782 782 782 735449984.0 735449984.0
783 783 783 734847053.0 734847053.0
784 784 784 734242066.0 734242066.0
785 785 785 733637434.0 733637434.0
786 786 786 733028582.0 733028582.0
787 787 787 732416309.0 732416309.0
788 788 788 731804900.0 731804900.0
789 789 789 731192328.0 731192328.0
790 790 790 730575746.0 730575746.0
791 791 791 729961153.0 729961153.0
792 792 792 729353187.0 729353187.0
793 793 793 728751703.0 728751703.0
794 794 794 728152545.0 728152545.0
795 795 795 727555782.0 727555782.0
796 796 796 726963111.0 726963111.0
797 797 797 726369280.0 726369280.0
798 798 798 725778483.0 725778483.0
799 799 799 725189493.0 725189493.0
800 800 800 724602135.0 724602135.0
801 801 801 724017600.0 724017600.0
802 802 802 723436325.0 723436325.0
803 803 803 722854742.0 722854742.0
804 804 804 722275364.0 722275364.0
805 805 805 721698178.0 721698178.0
806 806 806 721122565.0 721122565.0
807 807 807 720544125.0 720544125.0
808 808 808 719965528.0 719965528.0
809 809 809 719384923.0 719384923.0
810 810 810 718810169.0 718810169.0
811 811 811 718235958.0 718235958.0
812 812 812 717663518.0 717663518.0
813 813 813 717088065.0 717088065.0
814 814 814 716511668.0 716511668.0
815 815 815 715932636.0 715932636.0
816 816 816 715357214.0 715357214.0
817 817 817 714785420.0 714785420.0
818 818 818 714213054.0 714213054.0
819 819 819 713644114.0 713644114.0
820 820 820 713076142.0 713076142.0
821 821 821 712508117.0 712508117.0
822 822 822 711941833.0 711941833.0
823 823 823 711376188.0 711376188.0
824 824 824 710813287.0 710813287.0
825 825 825 710252816.0 710252816.0
826 826 826 709693949.0 709693949.0
827 827 827 709133904.0 709133904.0
828 828 828 708574970.0 708574970.0
829 829 829 708018010.0 708018010.0
830 830 830 707463298.0 707463298.0
831 831 831 706905913.0 706905913.0
832 832 832 706347301.0 706347301.0
833 833 833 705785932.0 705785932.0
834 834 834 705226219.0 705226219.0
835 835 835 704665442.0 704665442.0
836 836 836 704104692.0 704104692.0
837 837 837 703547267.0 703547267.0
838 838 838 702991386.0 702991386.0
839 839 839 702433670.0 702433670.0
840 840 840 701878867.0 701878867.0
841 841 841 701326718.0 701326718.0
842 842 842 700773990.0 700773990.0
843 843 843 700220284.0 700220284.0
844 844 844 699669844.0 699669844.0
845 845 845 699123632.0 699123632.0
846 846 846 698579401.0 698579401.0
847 847 847 698035286.0 698035286.0
848 848 848 697490679.0 697490679.0
849 849 849 696944344.0 696944344.0
850 850 850 696397666.0 696397666.0
851 851 851 695850833.0 695850833.0
852 852 852 695303828.0 695303828.0
853 853 853 694750598.0 694750598.0
854 854 854 694193422.0 694193422.0
855 855 855 693633719.0 693633719.0
856 856 856 693071774.0 693071774.0
857 857 857 692513890.0 692513890.0
858 858 858 691961590.0 691961590.0
859 859 859 691412046.0 691412046.0
860 860 860 690864101.0 690864101.0
861 861 861 690318845.0 690318845.0
862 862 862 689774152.0 689774152.0
863 863 863 689229791.0 689229791.0
864 864 864 688683621.0 688683621.0
865 865 865 688133789.0 688133789.0
866 866 866 687577111.0 687577111.0
867 867 867 687017434.0 687017434.0
868 868 868 686452514.0 686452514.0
869 869 869 685887606.0 685887606.0
870 870 870 685323217.0 685323217.0
871 871 871 684753767.0 684753767.0
872 872 872 684187339.0 684187339.0
873 873 873 683621860.0 683621860.0
874 874 874 683057838.0 683057838.0
875 875 875 682496027.0 682496027.0
876 876 876 681932603.0 681932603.0
877 877 877 681374230.0 681374230.0
878 878 878 680815416.0 680815416.0
879 879 879 680261885.0 680261885.0
880 880 880 679711206.0 679711206.0
881 881 881 679164566.0 679164566.0
882 882 882 678619312.0 678619312.0
883 883 883 678079103.0 678079103.0
884 884 884 677537644.0 677537644.0
885 885 885 676991787.0 676991787.0
886 886 886 676443209.0 676443209.0
887 887 887 675895380.0 675895380.0
888 888 888 675346494.0 675346494.0
889 889 889 674795836.0 674795836.0
890 890 890 674235604.0 674235604.0
891 891 891 673675787.0 673675787.0
892 892 892 673117467.0 673117467.0
893 893 893 672559644.0 672559644.0
894 894 894 672003666.0 672003666.0
895 895 895 671449897.0 671449897.0
896 896 896 670893264.0 670893264.0
897 897 897 670340808.0 670340808.0
898 898 898 669789517.0 669789517.0
899 899 899 669234664.0 669234664.0
900 900 900 668675260.0 668675260.0
901 901 901 668109262.0 668109262.0
902 902 902 667536094.0 667536094.0
903 903 903 666959781.0 666959781.0
904 904 904 666379553.0 666379553.0
905 905 905 665795844.0 665795844.0
906 906 906 665205326.0 665205326.0
907 907 907 664610943.0 664610943.0
908 908 908 664017345.0 664017345.0
909 909 909 663423068.0 663423068.0
910 910 910 662827967.0 662827967.0
911 911 911 662236087.0 662236087.0
912 912 912 661645352.0 661645352.0
913 913 913 661057564.0 661057564.0
914 914 914 660473537.0 660473537.0
915 915 915 659892056.0 659892056.0
916 916 916 659314244.0 659314244.0
917 917 917 658740303.0 658740303.0
918 918 918 658173555.0 658173555.0
919 919 919 657611961.0 657611961.0
920 920 920 657057849.0 657057849.0
921 921 921 656507591.0 656507591.0
922 922 922 655960222.0 655960222.0
923 923 923 655412334.0 655412334.0
924 924 924 654863600.0 654863600.0
925 925 925 654311377.0 654311377.0
926 926 926 653754337.0 653754337.0
927 927 927 653190248.0 653190248.0
928 928 928 652622412.0 652622412.0
929 929 929 652049415.0 652049415.0
930 930 930 651471910.0 651471910.0
931 931 931 650893426.0 650893426.0
932 932 932 650312347.0 650312347.0
933 933 933 649733042.0 649733042.0
934 934 934 649151194.0 649151194.0
935 935 935 648565593.0 648565593.0
936 936 936 647974769.0 647974769.0
937 937 937 647379315.0 647379315.0
938 938 938 646784350.0 646784350.0
939 939 939 646187921.0 646187921.0
940 940 940 645586986.0 645586986.0
941 941 941 644981567.0 644981567.0
942 942 942 644375077.0 644375077.0
943 943 943 643767196.0 643767196.0
944 944 944 643155513.0 643155513.0
945 945 945 642540098.0 642540098.0
946 946 946 641922788.0 641922788.0
947 947 947 641302511.0 641302511.0
948 948 948 640679855.0 640679855.0
949 949 949 640055201.0 640055201.0
950 950 950 639430850.0 639430850.0
951 951 951 638809070.0 638809070.0
952 952 952 638188487.0 638188487.0
953 953 953 637573330.0 637573330.0
954 954 954 636958359.0 636958359.0
955 955 955 636348719.0 636348719.0
956 956 956 635747856.0 635747856.0
957 957 957 635152816.0 635152816.0
958 958 958 634564017.0 634564017.0
959 959 959 633979113.0 633979113.0
960 960 960 633393121.0 633393121.0
961 961 961 632804722.0 632804722.0
962 962 962 632215124.0 632215124.0
963 963 963 631623260.0 631623260.0
964 964 964 631029775.0 631029775.0
965 965 965 630438310.0 630438310.0
966 966 966 629844185.0 629844185.0
967 967 967 629250366.0 629250366.0
968 968 968 628652808.0 628652808.0
969 969 969 628052792.0 628052792.0
970 970 970 627447888.0 627447888.0
971 971 971 626838377.0 626838377.0
972 972 972 626224297.0 626224297.0
973 973 973 625611491.0 625611491.0
974 974 974 625007244.0 625007244.0
975 975 975 624400449.0 624400449.0
976 976 976 623794359.0 623794359.0
977 977 977 623194838.0 623194838.0
978 978 978 622602036.0 622602036.0
979 979 979 622014952.0 622014952.0
980 980 980 621427205.0 621427205.0
981 981 981 620837985.0 620837985.0
982 982 982 620250343.0 620250343.0
983 983 983 619662053.0 619662053.0
984 984 984 619070398.0 619070398.0
985 985 985 618476712.0 618476712.0
986 986 986 617878302.0 617878302.0
987 987 987 617276077.0 617276077.0
988 988 988 616675538.0 616675538.0
989 989 989 616076573.0 616076573.0
990 990 990 615481265.0 615481265.0
991 991 991 614884705.0 614884705.0
992 992 992 614289398.0 614289398.0
993 993 993 613693131.0 613693131.0
994 994 994 613098566.0 613098566.0
995 995 995 612508356.0 612508356.0
996 996 996 611919041.0 611919041.0
997 997 997 611326295.0 611326295.0
998 998 998 610728156.0 610728156.0
999 999 999 610124443.0 610124443.0
1000 1000 1000 609524465.0 609524465.0
1001 1001 1001 608922400.0 608922400.0
1002 1002 1002 608317619.0 608317619.0
1003 1003 1003 607713794.0 607713794.0
1004 1004 1004 607112410.0 607112410.0
1005 1005 1005 606515884.0 606515884.0
1006 1006 1006 605916802.0 605916802.0
1007 1007 1007 605316628.0 605316628.0
1008 1008 1008 604716160.0 604716160.0
1009 1009 1009 604115577.0 604115577.0
1010 1010 1010 603513787.0 603513787.0
1011 1011 1011 602917521.0 602917521.0
1012 1012 1012 602326237.0 602326237.0
1013 1013 1013 601742756.0 601742756.0
1014 1014 1014 601164599.0 601164599.0
1015 1015 1015 600587603.0 600587603.0
1016 1016 1016 600010427.0 600010427.0
1017 1017 1017 599430832.0 599430832.0
1018 1018 1018 598852237.0 598852237.0
1019 1019 1019 598272782.0 598272782.0
1020 1020 1020 597687616.0 597687616.0
1021 1021 1021 597096588.0 597096588.0
1022 1022 1022 596501297.0 596501297.0
1023 1023 1023 595898909.0 595898909.0
1024 1024 1024 595288649.0 595288649.0
1025 1025 1025 594671528.0 594671528.0
1026 1026 1026 594045503.0 594045503.0
1027 1027 1027 593412757.0 593412757.0
1028 1028 1028 592778335.0 592778335.0
1029 1029 1029 592139140.0 592139140.0
1030 1030 1030 591492447.0 591492447.0
1031 1031 1031 590842441.0 590842441.0
1032 1032 1032 590194568.0 590194568.0
1033 1033 1033 589552222.0 589552222.0
1034 1034 1034 588910374.0 588910374.0
1035 1035 1035 588266347.0 588266347.0
1036 1036 1036 587625316.0 587625316.0
1037 1037 1037 586986030.0 586986030.0
1038 1038 1038 586352959.0 586352959.0
1039 1039 1039 585725751.0 585725751.0
1040 1040 1040 585099521.0 585099521.0
1041 1041 1041 584475178.0 584475178.0
1042 1042 1042 583852101.0 583852101.0
1043 1043 1043 583229799.0 583229799.0
1044 1044 1044 582606077.0 582606077.0
1045 1045 1045 581978156.0 581978156.0
1046 1046 1046 581344833.0 581344833.0
1047 1047 1047 580707288.0 580707288.0
1048 1048 1048 580070465.0 580070465.0
1049 1049 1049 579435532.0 579435532.0
1050 1050 1050 578798505.0 578798505.0
1051 1051 1051 578159074.0 578159074.0
1052 1052 1052 577525302.0 577525302.0
1053 1053 1053 576894946.0 576894946.0
1054 1054 1054 576263973.0 576263973.0
1055 1055 1055 575633288.0 575633288.0
1056 1056 1056 575001541.0 575001541.0
1057 1057 1057 574368090.0 574368090.0
1058 1058 1058 573733214.0 573733214.0
1059 1059 1059 573097751.0 573097751.0
1060 1060 1060 572463107.0 572463107.0
1061 1061 1061 571830660.0 571830660.0
1062 1062 1062 571192531.0 571192531.0
1063 1063 1063 570551549.0 570551549.0
1064 1064 1064 569907467.0 569907467.0
1065 1065 1065 569261538.0 569261538.0
1066 1066 1066 568614223.0 568614223.0
1067 1067 1067 567966128.0 567966128.0
1068 1068 1068 567317881.0 567317881.0
1069 1069 1069 566671383.0 566671383.0
1070 1070 1070 566020254.0 566020254.0
1071 1071 1071 565372617.0 565372617.0
1072 1072 1072 564730606.0 564730606.0
1073 1073 1073 564095715.0 564095715.0
1074 1074 1074 563462441.0 563462441.0
1075 1075 1075 562828152.0 562828152.0
1076 1076 1076 562196171.0 562196171.0
1077 1077 1077 561565576.0 561565576.0
1078 1078 1078 560931893.0 560931893.0
1079 1079 1079 560295092.0 560295092.0
1080 1080 1080 559659114.0 559659114.0
1081 1081 1081 559025624.0 559025624.0
1082 1082 1082 558395371.0 558395371.0
1083 1083 1083 557769181.0 557769181.0
1084 1084 1084 557145826.0 557145826.0
1085 1085 1085 556526881.0 556526881.0
1086 1086 1086 555904085.0 555904085.0
1087 1087 1087 555281647.0 555281647.0
1088 1088 1088 554661083.0 554661083.0
1089 1089 1089 554040828.0 554040828.0
1090 1090 1090 553424400.0 553424400.0
1091 1091 1091 552812752.0 552812752.0
1092 1092 1092 552202476.0 552202476.0
1093 1093 1093 551595049.0 551595049.0
1094 1094 1094 550990656.0 550990656.0
1095 1095 1095 550385674.0 550385674.0
1096 1096 1096 549774965.0 549774965.0
1097 1097 1097 549160327.0 549160327.0
1098 1098 1098 548545674.0 548545674.0
1099 1099 1099 547930737.0 547930737.0
1100 1100 1100 547309683.0 547309683.0
1101 1101 1101 546686867.0 546686867.0
1102 1102 1102 546062908.0 546062908.0
1103 1103 1103 545437029.0 545437029.0
1104 1104 1104 544811668.0 544811668.0
1105 1105 1105 544188161.0 544188161.0
1106 1106 1106 543565352.0 543565352.0
1107 1107 1107 542942436.0 542942436.0
1108 1108 1108 542321778.0 542321778.0
1109 1109 1109 541706195.0 541706195.0
1110 1110 1110 541095310.0 541095310.0
1111 1111 1111 540481227.0 540481227.0
1112 1112 1112 539870021.0 539870021.0
1113 1113 1113 539265429.0 539265429.0
1114 1114 1114 538664236.0 538664236.0
1115 1115 1115 538064900.0 538064900.0
1116 1116 1116 537467059.0 537467059.0
1117 1117 1117 536867344.0 536867344.0
1118 1118 1118 536266410.0 536266410.0
1119 1119 1119 535662762.0 535662762.0
1120 1120 1120 535055340.0 535055340.0
1121 1121 1121 534445601.0 534445601.0
1122 1122 1122 533831513.0 533831513.0
1123 1123 1123 533213397.0 533213397.0
1124 1124 1124 532597281.0 532597281.0
1125 1125 1125 531981052.0 531981052.0
1126 1126 1126 531364653.0 531364653.0
1127 1127 1127 530744534.0 530744534.0
1128 1128 1128 530128329.0 530128329.0
1129 1129 1129 529511426.0 529511426.0
1130 1130 1130 528891920.0 528891920.0
1131 1131 1131 528271615.0 528271615.0
1132 1132 1132 527648876.0 527648876.0
1133 1133 1133 527022038.0 527022038.0
1134 1134 1134 526396353.0 526396353.0
1135 1135 1135 525772356.0 525772356.0
1136 1136 1136 525152139.0 525152139.0
1137 1137 1137 524540077.0 524540077.0
1138 1138 1138 523932396.0 523932396.0
1139 1139 1139 523327602.0 523327602.0
1140 1140 1140 522724517.0 522724517.0
1141 1141 1141 522124630.0 522124630.0
1142 1142 1142 521528871.0 521528871.0
1143 1143 1143 520937489.0 520937489.0
1144 1144 1144 520353279.0 520353279.0
1145 1145 1145 519771258.0 519771258.0
1146 1146 1146 519184692.0 519184692.0
1147 1147 1147 518599637.0 518599637.0
1148 1148 1148 518011705.0 518011705.0
1149 1149 1149 517419615.0 517419615.0
1150 1150 1150 516827827.0 516827827.0
1151 1151 1151 516230171.0 516230171.0
1152 1152 1152 515630693.0 515630693.0
1153 1153 1153 515030873.0 515030873.0
1154 1154 1154 514428125.0 514428125.0
1155 1155 1155 513824043.0 513824043.0
1156 1156 1156 513216444.0 513216444.0
1157 1157 1157 512611827.0 512611827.0
1158 1158 1158 512007958.0 512007958.0
1159 1159 1159 511404675.0 511404675.0
1160 1160 1160 510804540.0 510804540.0
1161 1161 1161 510202528.0 510202528.0
1162 1162 1162 509600248.0 509600248.0
1163 1163 1163 509000265.0 509000265.0
1164 1164 1164 508405083.0 508405083.0
1165 1165 1165 507811821.0 507811821.0
1166 1166 1166 507214863.0 507214863.0
1167 1167 1167 506618811.0 506618811.0
1168 1168 1168 506027601.0 506027601.0
1169 1169 1169 505436292.0 505436292.0
1170 1170 1170 504836278.0 504836278.0
1171 1171 1171 504230750.0 504230750.0
1172 1172 1172 503625471.0 503625471.0
1173 1173 1173 503020203.0 503020203.0
1174 1174 1174 502417555.0 502417555.0
1175 1175 1175 501813298.0 501813298.0
1176 1176 1176 501212648.0 501212648.0
1177 1177 1177 500614684.0 500614684.0
1178 1178 1178 500016108.0 500016108.0
1179 1179 1179 499418282.0 499418282.0
1180 1180 1180 498826233.0 498826233.0
1181 1181 1181 498234690.0 498234690.0
1182 1182 1182 497643561.0 497643561.0
1183 1183 1183 497056805.0 497056805.0
1184 1184 1184 496473507.0 496473507.0
1185 1185 1185 495890379.0 495890379.0
1186 1186 1186 495302026.0 495302026.0
1187 1187 1187 494709566.0 494709566.0
1188 1188 1188 494120977.0 494120977.0
1189 1189 1189 493530635.0 493530635.0
1190 1190 1190 492945918.0 492945918.0
1191 1191 1191 492364470.0 492364470.0
1192 1192 1192 491791514.0 491791514.0
1193 1193 1193 491215624.0 491215624.0
1194 1194 1194 490640667.0 490640667.0
1195 1195 1195 490068108.0 490068108.0
1196 1196 1196 489497938.0 489497938.0
1197 1197 1197 488930200.0 488930200.0
1198 1198 1198 488357235.0 488357235.0
1199 1199 1199 487785117.0 487785117.0
1200 1200 1200 487210842.0 487210842.0
1201 1201 1201 486633070.0 486633070.0
1202 1202 1202 486053887.0 486053887.0
1203 1203 1203 485474236.0 485474236.0
1204 1204 1204 484893857.0 484893857.0
1205 1205 1205 484317748.0 484317748.0
1206 1206 1206 483741253.0 483741253.0
1207 1207 1207 483157866.0 483157866.0
1208 1208 1208 482574562.0 482574562.0
1209 1209 1209 481991579.0 481991579.0
1210 1210 1210 481410511.0 481410511.0
1211 1211 1211 480834630.0 480834630.0
1212 1212 1212 480263293.0 480263293.0
1213 1213 1213 479694627.0 479694627.0
1214 1214 1214 479125191.0 479125191.0
1215 1215 1215 478553674.0 478553674.0
1216 1216 1216 477980768.0 477980768.0
1217 1217 1217 477406903.0 477406903.0
1218 1218 1218 476835571.0 476835571.0
1219 1219 1219 476270557.0 476270557.0
1220 1220 1220 475705156.0 475705156.0
1221 1221 1221 475135416.0 475135416.0
1222 1222 1222 474566205.0 474566205.0
1223 1223 1223 473996864.0 473996864.0
1224 1224 1224 473424224.0 473424224.0
1225 1225 1225 472848403.0 472848403.0
1226 1226 1226 472271784.0 472271784.0
1227 1227 1227 471693806.0 471693806.0
1228 1228 1228 471113945.0 471113945.0
1229 1229 1229 470530033.0 470530033.0
1230 1230 1230 469945108.0 469945108.0
1231 1231 1231 469356397.0 469356397.0
1232 1232 1232 468760399.0 468760399.0
1233 1233 1233 468165494.0 468165494.0
1234 1234 1234 467569845.0 467569845.0
1235 1235 1235 466977565.0 466977565.0
1236 1236 1236 466389944.0 466389944.0
1237 1237 1237 465808314.0 465808314.0
1238 1238 1238 465232669.0 465232669.0
1239 1239 1239 464661393.0 464661393.0
1240 1240 1240 464094167.0 464094167.0
1241 1241 1241 463536481.0 463536481.0
1242 1242 1242 462984999.0 462984999.0
1243 1243 1243 462434847.0 462434847.0
1244 1244 1244 461884825.0 461884825.0
1245 1245 1245 461332911.0 461332911.0
1246 1246 1246 460774071.0 460774071.0
1247 1247 1247 460207527.0 460207527.0
1248 1248 1248 459631770.0 459631770.0
1249 1249 1249 459052781.0 459052781.0
1250 1250 1250 458466963.0 458466963.0
1251 1251 1251 457883163.0 457883163.0
1252 1252 1252 457302484.0 457302484.0
1253 1253 1253 456724494.0 456724494.0
1254 1254 1254 456149780.0 456149780.0
1255 1255 1255 455580469.0 455580469.0
1256 1256 1256 455016572.0 455016572.0
1257 1257 1257 454452752.0 454452752.0
1258 1258 1258 453883683.0 453883683.0
1259 1259 1259 453311305.0 453311305.0
1260 1260 1260 452739000.0 452739000.0
1261 1261 1261 452161700.0 452161700.0
1262 1262 1262 451580482.0 451580482.0
1263 1263 1263 450991339.0 450991339.0
1264 1264 1264 450397585.0 450397585.0
1265 1265 1265 449799506.0 449799506.0
1266 1266 1266 449194318.0 449194318.0
1267 1267 1267 448589444.0 448589444.0
1268 1268 1268 447983790.0 447983790.0
1269 1269 1269 447377184.0 447377184.0
1270 1270 1270 446765394.0 446765394.0
1271 1271 1271 446148578.0 446148578.0
1272 1272 1272 445533158.0 445533158.0
1273 1273 1273 444916594.0 444916594.0
1274 1274 1274 444302111.0 444302111.0
1275 1275 1275 443694492.0 443694492.0
1276 1276 1276 443086770.0 443086770.0
1277 1277 1277 442478384.0 442478384.0
1278 1278 1278 441869344.0 441869344.0
1279 1279 1279 441264346.0 441264346.0
1280 1280 1280 440667396.0 440667396.0
1281 1281 1281 440071256.0 440071256.0
1282 1282 1282 439471303.0 439471303.0
1283 1283 1283 438865505.0 438865505.0
1284 1284 1284 438259389.0 438259389.0
1285 1285 1285 437656508.0 437656508.0
1286 1286 1286 437052865.0 437052865.0
1287 1287 1287 436448019.0 436448019.0
1288 1288 1288 435836776.0 435836776.0
1289 1289 1289 435224801.0 435224801.0
1290 1290 1290 434609340.0 434609340.0
1291 1291 1291 433993567.0 433993567.0
1292 1292 1292 433383455.0 433383455.0
1293 1293 1293 432778178.0 432778178.0
1294 1294 1294 432174121.0 432174121.0
1295 1295 1295 431573147.0 431573147.0
1296 1296 1296 430972642.0 430972642.0
1297 1297 1297 430370804.0 430370804.0
1298 1298 1298 429761023.0 429761023.0
1299 1299 1299 429144865.0 429144865.0
1300 1300 1300 428520163.0 428520163.0
1301 1301 1301 427893565.0 427893565.0
1302 1302 1302 427266458.0 427266458.0
1303 1303 1303 426639859.0 426639859.0
1304 1304 1304 426017647.0 426017647.0
1305 1305 1305 425396999.0 425396999.0
1306 1306 1306 424779885.0 424779885.0
1307 1307 1307 424166793.0 424166793.0
1308 1308 1308 423557402.0 423557402.0
1309 1309 1309 422957375.0 422957375.0
1310 1310 1310 422367058.0 422367058.0
1311 1311 1311 421784454.0 421784454.0
1312 1312 1312 421207449.0 421207449.0
1313 1313 1313 420631165.0 420631165.0
1314 1314 1314 420056084.0 420056084.0
1315 1315 1315 419481324.0 419481324.0
1316 1316 1316 418905500.0 418905500.0
1317 1317 1317 418328083.0 418328083.0
1318 1318 1318 417749854.0 417749854.0
1319 1319 1319 417160892.0 417160892.0
1320 1320 1320 416563909.0 416563909.0
1321 1321 1321 415960255.0 415960255.0
1322 1322 1322 415351000.0 415351000.0
1323 1323 1323 414740416.0 414740416.0
1324 1324 1324 414128842.0 414128842.0
1325 1325 1325 413514475.0 413514475.0
1326 1326 1326 412898970.0 412898970.0
1327 1327 1327 412281267.0 412281267.0
1328 1328 1328 411658767.0 411658767.0
1329 1329 1329 411029702.0 411029702.0
1330 1330 1330 410397686.0 410397686.0
1331 1331 1331 409761083.0 409761083.0
1332 1332 1332 409124725.0 409124725.0
1333 1333 1333 408491362.0 408491362.0
1334 1334 1334 407864066.0 407864066.0
1335 1335 1335 407243531.0 407243531.0
1336 1336 1336 406626487.0 406626487.0
1337 1337 1337 406011562.0 406011562.0
1338 1338 1338 405400280.0 405400280.0
1339 1339 1339 404793756.0 404793756.0
1340 1340 1340 404193550.0 404193550.0
1341 1341 1341 403599157.0 403599157.0
1342 1342 1342 403004413.0 403004413.0
1343 1343 1343 402405206.0 402405206.0
1344 1344 1344 401805010.0 401805010.0
1345 1345 1345 401206960.0 401206960.0
1346 1346 1346 400602885.0 400602885.0
1347 1347 1347 399994245.0 399994245.0
1348 1348 1348 399384177.0 399384177.0
1349 1349 1349 398774606.0 398774606.0
1350 1350 1350 398161773.0 398161773.0
1351 1351 1351 397546000.0 397546000.0
1352 1352 1352 396926415.0 396926415.0
1353 1353 1353 396308275.0 396308275.0
1354 1354 1354 395692554.0 395692554.0
1355 1355 1355 395083036.0 395083036.0
1356 1356 1356 394469831.0 394469831.0
1357 1357 1357 393852758.0 393852758.0
1358 1358 1358 393223638.0 393223638.0
1359 1359 1359 392592406.0 392592406.0
1360 1360 1360 391966532.0 391966532.0
1361 1361 1361 391346676.0 391346676.0
1362 1362 1362 390732085.0 390732085.0
1363 1363 1363 390121944.0 390121944.0
1364 1364 1364 389521519.0 389521519.0
1365 1365 1365 388930697.0 388930697.0
1366 1366 1366 388347243.0 388347243.0
1367 1367 1367 387771770.0 387771770.0
1368 1368 1368 387201657.0 387201657.0
1369 1369 1369 386633965.0 386633965.0
1370 1370 1370 386071983.0 386071983.0
1371 1371 1371 385510975.0 385510975.0
1372 1372 1372 384947449.0 384947449.0
1373 1373 1373 384383827.0 384383827.0
1374 1374 1374 383813344.0 383813344.0
1375 1375 1375 383242567.0 383242567.0
1376 1376 1376 382670768.0 382670768.0
1377 1377 1377 382095737.0 382095737.0
1378 1378 1378 381519032.0 381519032.0
1379 1379 1379 380944720.0 380944720.0
1380 1380 1380 380375586.0 380375586.0
1381 1381 1381 379803183.0 379803183.0
1382 1382 1382 379235851.0 379235851.0
1383 1383 1383 378675090.0 378675090.0
1384 1384 1384 378117480.0 378117480.0
1385 1385 1385 377559510.0 377559510.0
1386 1386 1386 377003601.0 377003601.0
1387 1387 1387 376447673.0 376447673.0
1388 1388 1388 375892013.0 375892013.0
1389 1389 1389 375337593.0 375337593.0
1390 1390 1390 374779931.0 374779931.0
1391 1391 1391 374217338.0 374217338.0
1392 1392 1392 373652607.0 373652607.0
1393 1393 1393 373091974.0 373091974.0
1394 1394 1394 372539789.0 372539789.0
1395 1395 1395 371990990.0 371990990.0
1396 1396 1396 371442802.0 371442802.0
1397 1397 1397 370893534.0 370893534.0
1398 1398 1398 370344657.0 370344657.0
1399 1399 1399 369799468.0 369799468.0
1400 1400 1400 369250034.0 369250034.0
1401 1401 1401 368700970.0 368700970.0
1402 1402 1402 368149165.0 368149165.0
1403 1403 1403 367594369.0 367594369.0
1404 1404 1404 367035206.0 367035206.0
1405 1405 1405 366468254.0 366468254.0
1406 1406 1406 365901169.0 365901169.0
1407 1407 1407 365335314.0 365335314.0
1408 1408 1408 364766618.0 364766618.0
1409 1409 1409 364198717.0 364198717.0
1410 1410 1410 363637856.0 363637856.0
1411 1411 1411 363072267.0 363072267.0
1412 1412 1412 362510673.0 362510673.0
1413 1413 1413 361958395.0 361958395.0
1414 1414 1414 361409020.0 361409020.0
1415 1415 1415 360868463.0 360868463.0
1416 1416 1416 360337532.0 360337532.0
1417 1417 1417 359810217.0 359810217.0
1418 1418 1418 359274856.0 359274856.0
1419 1419 1419 358736836.0 358736836.0
1420 1420 1420 358200053.0 358200053.0
1421 1421 1421 357663275.0 357663275.0
1422 1422 1422 357124158.0 357124158.0
1423 1423 1423 356585190.0 356585190.0
1424 1424 1424 356042424.0 356042424.0
1425 1425 1425 355497921.0 355497921.0
1426 1426 1426 354948424.0 354948424.0
1427 1427 1427 354390724.0 354390724.0
1428 1428 1428 353822012.0 353822012.0
1429 1429 1429 353248586.0 353248586.0
1430 1430 1430 352673784.0 352673784.0
1431 1431 1431 352093906.0 352093906.0
1432 1432 1432 351509124.0 351509124.0
1433 1433 1433 350922103.0 350922103.0
1434 1434 1434 350335417.0 350335417.0
1435 1435 1435 349751409.0 349751409.0
1436 1436 1436 349166763.0 349166763.0
1437 1437 1437 348581767.0 348581767.0
1438 1438 1438 347996439.0 347996439.0
1439 1439 1439 347412010.0 347412010.0
1440 1440 1440 346822808.0 346822808.0
1441 1441 1441 346232034.0 346232034.0
1442 1442 1442 345643496.0 345643496.0
1443 1443 1443 345057055.0 345057055.0
1444 1444 1444 344473861.0 344473861.0
1445 1445 1445 343891936.0 343891936.0
1446 1446 1446 343310076.0 343310076.0
1447 1447 1447 342730805.0 342730805.0
1448 1448 1448 342155947.0 342155947.0
1449 1449 1449 341579888.0 341579888.0
1450 1450 1450 341008215.0 341008215.0
1451 1451 1451 340443761.0 340443761.0
1452 1452 1452 339883591.0 339883591.0
1453 1453 1453 339324499.0 339324499.0
1454 1454 1454 338767807.0 338767807.0
1455 1455 1455 338212959.0 338212959.0
1456 1456 1456 337661245.0 337661245.0
1457 1457 1457 337110269.0 337110269.0
1458 1458 1458 336554639.0 336554639.0
1459 1459 1459 335993166.0 335993166.0
1460 1460 1460 335432213.0 335432213.0
1461 1461 1461 334871832.0 334871832.0
1462 1462 1462 334315098.0 334315098.0
1463 1463 1463 333757878.0 333757878.0
1464 1464 1464 333197939.0 333197939.0
1465 1465 1465 332641614.0 332641614.0
1466 1466 1466 332085475.0 332085475.0
1467 1467 1467 331529042.0 331529042.0
1468 1468 1468 330966266.0 330966266.0
1469 1469 1469 330394397.0 330394397.0
1470 1470 1470 329812154.0 329812154.0
1471 1471 1471 329224114.0 329224114.0
1472 1472 1472 328626741.0 328626741.0
1473 1473 1473 328030214.0 328030214.0
1474 1474 1474 327432780.0 327432780.0
1475 1475 1475 326830557.0 326830557.0
1476 1476 1476 326219994.0 326219994.0
1477 1477 1477 325614303.0 325614303.0
1478 1478 1478 325017409.0 325017409.0
1479 1479 1479 324426888.0 324426888.0
1480 1480 1480 323838626.0 323838626.0
1481 1481 1481 323253061.0 323253061.0
1482 1482 1482 322673071.0 322673071.0
1483 1483 1483 322099455.0 322099455.0
1484 1484 1484 321528902.0 321528902.0
1485 1485 1485 320964265.0 320964265.0
1486 1486 1486 320392463.0 320392463.0
1487 1487 1487 319819711.0 319819711.0
1488 1488 1488 319246329.0 319246329.0
1489 1489 1489 318668861.0 318668861.0
1490 1490 1490 318083687.0 318083687.0
1491 1491 1491 317496183.0 317496183.0
1492 1492 1492 316909117.0 316909117.0
1493 1493 1493 316315301.0 316315301.0
1494 1494 1494 315720694.0 315720694.0
1495 1495 1495 315122537.0 315122537.0
1496 1496 1496 314529022.0 314529022.0
1497 1497 1497 313933328.0 313933328.0
1498 1498 1498 313332337.0 313332337.0
1499 1499 1499 312724663.0 312724663.0
1500 1500 1500 312114378.0 312114378.0
1501 1501 1501 311499238.0 311499238.0
1502 1502 1502 310883313.0 310883313.0
1503 1503 1503 310264243.0 310264243.0
1504 1504 1504 309652367.0 309652367.0
1505 1505 1505 309047394.0 309047394.0
1506 1506 1506 308445604.0 308445604.0
1507 1507 1507 307841815.0 307841815.0
1508 1508 1508 307243916.0 307243916.0
1509 1509 1509 306653729.0 306653729.0
1510 1510 1510 306062029.0 306062029.0
1511 1511 1511 305467487.0 305467487.0
1512 1512 1512 304877376.0 304877376.0
1513 1513 1513 304288814.0 304288814.0
1514 1514 1514 303695831.0 303695831.0
1515 1515 1515 303106004.0 303106004.0
1516 1516 1516 302521957.0 302521957.0
1517 1517 1517 301947288.0 301947288.0
1518 1518 1518 301372854.0 301372854.0
1519 1519 1519 300796124.0 300796124.0
1520 1520 1520 300215282.0 300215282.0
1521 1521 1521 299629975.0 299629975.0
1522 1522 1522 299044962.0 299044962.0
1523 1523 1523 298466140.0 298466140.0
1524 1524 1524 297890431.0 297890431.0
1525 1525 1525 297312366.0 297312366.0
1526 1526 1526 296738076.0 296738076.0
1527 1527 1527 296170202.0 296170202.0
1528 1528 1528 295605230.0 295605230.0
1529 1529 1529 295040917.0 295040917.0
1530 1530 1530 294475570.0 294475570.0
1531 1531 1531 293912125.0 293912125.0
1532 1532 1532 293349688.0 293349688.0
1533 1533 1533 292777797.0 292777797.0
1534 1534 1534 292200915.0 292200915.0
1535 1535 1535 291616816.0 291616816.0
1536 1536 1536 291024395.0 291024395.0
1537 1537 1537 290421306.0 290421306.0
1538 1538 1538 289806860.0 289806860.0
1539 1539 1539 289185797.0 289185797.0
1540 1540 1540 288563148.0 288563148.0
1541 1541 1541 287942420.0 287942420.0
1542 1542 1542 287320485.0 287320485.0
1543 1543 1543 286704127.0 286704127.0
1544 1544 1544 286092482.0 286092482.0
1545 1545 1545 285489313.0 285489313.0
1546 1546 1546 284891116.0 284891116.0
1547 1547 1547 284296546.0 284296546.0
1548 1548 1548 283701805.0 283701805.0
1549 1549 1549 283107761.0 283107761.0
1550 1550 1550 282515239.0 282515239.0
1551 1551 1551 281922444.0 281922444.0
1552 1552 1552 281327027.0 281327027.0
1553 1553 1553 280725026.0 280725026.0
1554 1554 1554 280117430.0 280117430.0
1555 1555 1555 279506841.0 279506841.0
1556 1556 1556 278890596.0 278890596.0
1557 1557 1557 278266934.0 278266934.0
1558 1558 1558 277639272.0 277639272.0
1559 1559 1559 277005535.0 277005535.0
1560 1560 1560 276373511.0 276373511.0
1561 1561 1561 275741014.0 275741014.0
1562 1562 1562 275108708.0 275108708.0
1563 1563 1563 274478637.0 274478637.0
1564 1564 1564 273849685.0 273849685.0
1565 1565 1565 273227347.0 273227347.0
1566 1566 1566 272606024.0 272606024.0
1567 1567 1567 271989666.0 271989666.0
1568 1568 1568 271376752.0 271376752.0
1569 1569 1569 270767404.0 270767404.0
1570 1570 1570 270160827.0 270160827.0
1571 1571 1571 269554082.0 269554082.0
1572 1572 1572 268948685.0 268948685.0
1573 1573 1573 268337168.0 268337168.0
1574 1574 1574 267717717.0 267717717.0
1575 1575 1575 267102406.0 267102406.0
1576 1576 1576 266485978.0 266485978.0
1577 1577 1577 265867407.0 265867407.0
1578 1578 1578 265242107.0 265242107.0
1579 1579 1579 264609608.0 264609608.0
1580 1580 1580 263977939.0 263977939.0
1581 1581 1581 263342192.0 263342192.0
1582 1582 1582 262705500.0 262705500.0
1583 1583 1583 262065914.0 262065914.0
1584 1584 1584 261426877.0 261426877.0
1585 1585 1585 260786302.0 260786302.0
1586 1586 1586 260150358.0 260150358.0
1587 1587 1587 259518004.0 259518004.0
1588 1588 1588 258887607.0 258887607.0
1589 1589 1589 258254206.0 258254206.0
1590 1590 1590 257622754.0 257622754.0
1591 1591 1591 256992076.0 256992076.0
1592 1592 1592 256361791.0 256361791.0
1593 1593 1593 255733216.0 255733216.0
1594 1594 1594 255100735.0 255100735.0
1595 1595 1595 254469858.0 254469858.0
1596 1596 1596 253841157.0 253841157.0
1597 1597 1597 253216619.0 253216619.0
1598 1598 1598 252594336.0 252594336.0
1599 1599 1599 251972442.0 251972442.0
1600 1600 1600 251350970.0 251350970.0
1601 1601 1601 250725559.0 250725559.0
1602 1602 1602 250100400.0 250100400.0
1603 1603 1603 249475197.0 249475197.0
1604 1604 1604 248854758.0 248854758.0
1605 1605 1605 248239971.0 248239971.0
1606 1606 1606 247630099.0 247630099.0
1607 1607 1607 247020712.0 247020712.0
1608 1608 1608 246413094.0 246413094.0
1609 1609 1609 245807724.0 245807724.0
1610 1610 1610 245202891.0 245202891.0
1611 1611 1611 244590952.0 244590952.0
1612 1612 1612 243978772.0 243978772.0
1613 1613 1613 243368113.0 243368113.0
1614 1614 1614 242762328.0 242762328.0
1615 1615 1615 242153132.0 242153132.0
1616 1616 1616 241538162.0 241538162.0
1617 1617 1617 240916472.0 240916472.0
1618 1618 1618 240293472.0 240293472.0
1619 1619 1619 239669634.0 239669634.0
1620 1620 1620 239041209.0 239041209.0
1621 1621 1621 238413397.0 238413397.0
1622 1622 1622 237787433.0 237787433.0
1623 1623 1623 237160635.0 237160635.0
1624 1624 1624 236529247.0 236529247.0
1625 1625 1625 235895742.0 235895742.0
1626 1626 1626 235262468.0 235262468.0
1627 1627 1627 234625245.0 234625245.0
1628 1628 1628 233987128.0 233987128.0
1629 1629 1629 233344962.0 233344962.0
1630 1630 1630 232706479.0 232706479.0
1631 1631 1631 232074276.0 232074276.0
1632 1632 1632 231446424.0 231446424.0
1633 1633 1633 230815790.0 230815790.0
1634 1634 1634 230181582.0 230181582.0
1635 1635 1635 229553351.0 229553351.0
1636 1636 1636 228931423.0 228931423.0
1637 1637 1637 228308080.0 228308080.0
1638 1638 1638 227681198.0 227681198.0
1639 1639 1639 227053124.0 227053124.0
d mínima =  1639 [1639, 1639]















